{
 "cells": [
  {
   "cell_type": "code",
   "execution_count": 2,
   "id": "9d35a332-e77d-452b-b498-96ceb6a55c30",
   "metadata": {},
   "outputs": [],
   "source": [
    "# Importando as bibliotecas utilizadas\n",
    "from pyspark.sql import SparkSession\n",
    "import pyspark.sql.functions as F"
   ]
  },
  {
   "cell_type": "code",
   "execution_count": 4,
   "id": "625fa924-96c4-4e56-93e6-f01b745c9375",
   "metadata": {},
   "outputs": [],
   "source": [
    "# Criando a sessão, nomeando e configurando para mostrar tabela do tipo pandas \n",
    "spark = (\n",
    "    SparkSession.builder\n",
    "    .appName('PySpark - UNION e DROP')\n",
    "    .config('spark.sql.repl.eagerEval.enabled', True)\n",
    "    .getOrCreate()\n",
    ")"
   ]
  },
  {
   "cell_type": "code",
   "execution_count": 10,
   "id": "df489d01-0f7b-4d27-9f7d-cb7e4919555d",
   "metadata": {},
   "outputs": [
    {
     "data": {
      "text/html": [
       "<table border='1'>\n",
       "<tr><th>id</th><th>cnpj_editora</th><th>data_lancamento</th><th>ean</th><th>isbn10</th><th>numero_paginas</th><th>preco</th></tr>\n",
       "<tr><td>102961160</td><td>54.317.982/0001-79</td><td>2011-09-19</td><td>4367115749184</td><td>0-06-594558-1</td><td>516</td><td>113.84</td></tr>\n",
       "<tr><td>043636240</td><td>16.938.042/0001-08</td><td>2019-05-11</td><td>1239569754256</td><td>0-611-23680-X</td><td>371</td><td>207.67</td></tr>\n",
       "<tr><td>052928059</td><td>57.624.038/0001-52</td><td>2003-08-03</td><td>5462162528221</td><td>1-109-29542-1</td><td>198</td><td>107.89</td></tr>\n",
       "<tr><td>088482271</td><td>16.249.378/0001-63</td><td>2022-09-07</td><td>5713629047213</td><td>1-229-68842-0</td><td>632</td><td>143.95</td></tr>\n",
       "<tr><td>028125446</td><td>90.425.178/0001-77</td><td>2011-07-25</td><td>2226757040245</td><td>0-657-66391-3</td><td>384</td><td>156.49</td></tr>\n",
       "</table>\n"
      ],
      "text/plain": [
       "+---------+------------------+---------------+-------------+-------------+--------------+------+\n",
       "|       id|      cnpj_editora|data_lancamento|          ean|       isbn10|numero_paginas| preco|\n",
       "+---------+------------------+---------------+-------------+-------------+--------------+------+\n",
       "|102961160|54.317.982/0001-79|     2011-09-19|4367115749184|0-06-594558-1|           516|113.84|\n",
       "|043636240|16.938.042/0001-08|     2019-05-11|1239569754256|0-611-23680-X|           371|207.67|\n",
       "|052928059|57.624.038/0001-52|     2003-08-03|5462162528221|1-109-29542-1|           198|107.89|\n",
       "|088482271|16.249.378/0001-63|     2022-09-07|5713629047213|1-229-68842-0|           632|143.95|\n",
       "|028125446|90.425.178/0001-77|     2011-07-25|2226757040245|0-657-66391-3|           384|156.49|\n",
       "+---------+------------------+---------------+-------------+-------------+--------------+------+"
      ]
     },
     "execution_count": 10,
     "metadata": {},
     "output_type": "execute_result"
    }
   ],
   "source": [
    "# Carregando um arquivo PARQUET para dataframe limitado para melhor entedimento\n",
    "livros = spark.read.parquet('./DATASETS/LIVROS.parquet').limit(5)\n",
    "livros"
   ]
  },
  {
   "cell_type": "code",
   "execution_count": 14,
   "id": "e7dc4c33-ee93-4237-80dc-8b2bd1ff8d24",
   "metadata": {},
   "outputs": [
    {
     "data": {
      "text/html": [
       "<table border='1'>\n",
       "<tr><th>id</th><th>cnpj_editora</th><th>data_lancamento</th><th>ean</th><th>isbn10</th><th>numero_paginas</th><th>preco</th></tr>\n",
       "<tr><td>102961160</td><td>54.317.982/0001-79</td><td>2011-09-19</td><td>4367115749184</td><td>0-06-594558-1</td><td>516</td><td>113.84</td></tr>\n",
       "<tr><td>043636240</td><td>16.938.042/0001-08</td><td>2019-05-11</td><td>1239569754256</td><td>0-611-23680-X</td><td>371</td><td>207.67</td></tr>\n",
       "<tr><td>052928059</td><td>57.624.038/0001-52</td><td>2003-08-03</td><td>5462162528221</td><td>1-109-29542-1</td><td>198</td><td>107.89</td></tr>\n",
       "<tr><td>088482271</td><td>16.249.378/0001-63</td><td>2022-09-07</td><td>5713629047213</td><td>1-229-68842-0</td><td>632</td><td>143.95</td></tr>\n",
       "<tr><td>028125446</td><td>90.425.178/0001-77</td><td>2011-07-25</td><td>2226757040245</td><td>0-657-66391-3</td><td>384</td><td>156.49</td></tr>\n",
       "<tr><td>102961160</td><td>54.317.982/0001-79</td><td>2011-09-19</td><td>4367115749184</td><td>0-06-594558-1</td><td>516</td><td>113.84</td></tr>\n",
       "<tr><td>043636240</td><td>16.938.042/0001-08</td><td>2019-05-11</td><td>1239569754256</td><td>0-611-23680-X</td><td>371</td><td>207.67</td></tr>\n",
       "<tr><td>052928059</td><td>57.624.038/0001-52</td><td>2003-08-03</td><td>5462162528221</td><td>1-109-29542-1</td><td>198</td><td>107.89</td></tr>\n",
       "<tr><td>088482271</td><td>16.249.378/0001-63</td><td>2022-09-07</td><td>5713629047213</td><td>1-229-68842-0</td><td>632</td><td>143.95</td></tr>\n",
       "<tr><td>028125446</td><td>90.425.178/0001-77</td><td>2011-07-25</td><td>2226757040245</td><td>0-657-66391-3</td><td>384</td><td>156.49</td></tr>\n",
       "</table>\n"
      ],
      "text/plain": [
       "+---------+------------------+---------------+-------------+-------------+--------------+------+\n",
       "|       id|      cnpj_editora|data_lancamento|          ean|       isbn10|numero_paginas| preco|\n",
       "+---------+------------------+---------------+-------------+-------------+--------------+------+\n",
       "|102961160|54.317.982/0001-79|     2011-09-19|4367115749184|0-06-594558-1|           516|113.84|\n",
       "|043636240|16.938.042/0001-08|     2019-05-11|1239569754256|0-611-23680-X|           371|207.67|\n",
       "|052928059|57.624.038/0001-52|     2003-08-03|5462162528221|1-109-29542-1|           198|107.89|\n",
       "|088482271|16.249.378/0001-63|     2022-09-07|5713629047213|1-229-68842-0|           632|143.95|\n",
       "|028125446|90.425.178/0001-77|     2011-07-25|2226757040245|0-657-66391-3|           384|156.49|\n",
       "|102961160|54.317.982/0001-79|     2011-09-19|4367115749184|0-06-594558-1|           516|113.84|\n",
       "|043636240|16.938.042/0001-08|     2019-05-11|1239569754256|0-611-23680-X|           371|207.67|\n",
       "|052928059|57.624.038/0001-52|     2003-08-03|5462162528221|1-109-29542-1|           198|107.89|\n",
       "|088482271|16.249.378/0001-63|     2022-09-07|5713629047213|1-229-68842-0|           632|143.95|\n",
       "|028125446|90.425.178/0001-77|     2011-07-25|2226757040245|0-657-66391-3|           384|156.49|\n",
       "+---------+------------------+---------------+-------------+-------------+--------------+------+"
      ]
     },
     "execution_count": 14,
     "metadata": {},
     "output_type": "execute_result"
    }
   ],
   "source": [
    "# Duplicando o mesmo dataset (no union, colunas devem ser as mesmas e com mesma quantidade)\n",
    "uni = livros.union(livros)\n",
    "uni"
   ]
  },
  {
   "cell_type": "code",
   "execution_count": 18,
   "id": "fd5159bc-f982-42d2-b99a-7f36f1a6474a",
   "metadata": {},
   "outputs": [
    {
     "data": {
      "text/html": [
       "<table border='1'>\n",
       "<tr><th>preco</th><th>numero_paginas</th><th>isbn10</th><th>ean</th><th>data_lancamento</th><th>cnpj_editora</th><th>id</th></tr>\n",
       "<tr><td>113.84</td><td>516</td><td>0-06-594558-1</td><td>4367115749184</td><td>2011-09-19</td><td>54.317.982/0001-79</td><td>102961160</td></tr>\n",
       "<tr><td>207.67</td><td>371</td><td>0-611-23680-X</td><td>1239569754256</td><td>2019-05-11</td><td>16.938.042/0001-08</td><td>043636240</td></tr>\n",
       "<tr><td>107.89</td><td>198</td><td>1-109-29542-1</td><td>5462162528221</td><td>2003-08-03</td><td>57.624.038/0001-52</td><td>052928059</td></tr>\n",
       "<tr><td>143.95</td><td>632</td><td>1-229-68842-0</td><td>5713629047213</td><td>2022-09-07</td><td>16.249.378/0001-63</td><td>088482271</td></tr>\n",
       "<tr><td>156.49</td><td>384</td><td>0-657-66391-3</td><td>2226757040245</td><td>2011-07-25</td><td>90.425.178/0001-77</td><td>028125446</td></tr>\n",
       "</table>\n"
      ],
      "text/plain": [
       "+------+--------------+-------------+-------------+---------------+------------------+---------+\n",
       "| preco|numero_paginas|       isbn10|          ean|data_lancamento|      cnpj_editora|       id|\n",
       "+------+--------------+-------------+-------------+---------------+------------------+---------+\n",
       "|113.84|           516|0-06-594558-1|4367115749184|     2011-09-19|54.317.982/0001-79|102961160|\n",
       "|207.67|           371|0-611-23680-X|1239569754256|     2019-05-11|16.938.042/0001-08|043636240|\n",
       "|107.89|           198|1-109-29542-1|5462162528221|     2003-08-03|57.624.038/0001-52|052928059|\n",
       "|143.95|           632|1-229-68842-0|5713629047213|     2022-09-07|16.249.378/0001-63|088482271|\n",
       "|156.49|           384|0-657-66391-3|2226757040245|     2011-07-25|90.425.178/0001-77|028125446|\n",
       "+------+--------------+-------------+-------------+---------------+------------------+---------+"
      ]
     },
     "execution_count": 18,
     "metadata": {},
     "output_type": "execute_result"
    }
   ],
   "source": [
    "# Crian do um datafram com colunas inversas \n",
    "livros_inversos = livros.select('preco', 'numero_paginas', 'isbn10', 'ean', 'data_lancamento', 'cnpj_editora', 'id')\n",
    "livros_inversos"
   ]
  },
  {
   "cell_type": "code",
   "execution_count": 19,
   "id": "76beace4-feb0-491a-9915-fcb44aaaf2f7",
   "metadata": {},
   "outputs": [
    {
     "data": {
      "text/html": [
       "<table border='1'>\n",
       "<tr><th>preco</th><th>numero_paginas</th><th>isbn10</th><th>ean</th><th>data_lancamento</th><th>cnpj_editora</th><th>id</th></tr>\n",
       "<tr><td>113.84</td><td>516</td><td>0-06-594558-1</td><td>4367115749184</td><td>2011-09-19</td><td>54.317.982/0001-79</td><td>102961160</td></tr>\n",
       "<tr><td>207.67</td><td>371</td><td>0-611-23680-X</td><td>1239569754256</td><td>2019-05-11</td><td>16.938.042/0001-08</td><td>043636240</td></tr>\n",
       "<tr><td>107.89</td><td>198</td><td>1-109-29542-1</td><td>5462162528221</td><td>2003-08-03</td><td>57.624.038/0001-52</td><td>052928059</td></tr>\n",
       "<tr><td>143.95</td><td>632</td><td>1-229-68842-0</td><td>5713629047213</td><td>2022-09-07</td><td>16.249.378/0001-63</td><td>088482271</td></tr>\n",
       "<tr><td>156.49</td><td>384</td><td>0-657-66391-3</td><td>2226757040245</td><td>2011-07-25</td><td>90.425.178/0001-77</td><td>028125446</td></tr>\n",
       "<tr><td>102961160</td><td>54.317.982/0001-79</td><td>2011-09-19</td><td>4367115749184</td><td>0-06-594558-1</td><td>516</td><td>113.84</td></tr>\n",
       "<tr><td>043636240</td><td>16.938.042/0001-08</td><td>2019-05-11</td><td>1239569754256</td><td>0-611-23680-X</td><td>371</td><td>207.67</td></tr>\n",
       "<tr><td>052928059</td><td>57.624.038/0001-52</td><td>2003-08-03</td><td>5462162528221</td><td>1-109-29542-1</td><td>198</td><td>107.89</td></tr>\n",
       "<tr><td>088482271</td><td>16.249.378/0001-63</td><td>2022-09-07</td><td>5713629047213</td><td>1-229-68842-0</td><td>632</td><td>143.95</td></tr>\n",
       "<tr><td>028125446</td><td>90.425.178/0001-77</td><td>2011-07-25</td><td>2226757040245</td><td>0-657-66391-3</td><td>384</td><td>156.49</td></tr>\n",
       "</table>\n"
      ],
      "text/plain": [
       "+---------+------------------+-------------+-------------+---------------+------------------+---------+\n",
       "|    preco|    numero_paginas|       isbn10|          ean|data_lancamento|      cnpj_editora|       id|\n",
       "+---------+------------------+-------------+-------------+---------------+------------------+---------+\n",
       "|   113.84|               516|0-06-594558-1|4367115749184|     2011-09-19|54.317.982/0001-79|102961160|\n",
       "|   207.67|               371|0-611-23680-X|1239569754256|     2019-05-11|16.938.042/0001-08|043636240|\n",
       "|   107.89|               198|1-109-29542-1|5462162528221|     2003-08-03|57.624.038/0001-52|052928059|\n",
       "|   143.95|               632|1-229-68842-0|5713629047213|     2022-09-07|16.249.378/0001-63|088482271|\n",
       "|   156.49|               384|0-657-66391-3|2226757040245|     2011-07-25|90.425.178/0001-77|028125446|\n",
       "|102961160|54.317.982/0001-79|   2011-09-19|4367115749184|  0-06-594558-1|               516|   113.84|\n",
       "|043636240|16.938.042/0001-08|   2019-05-11|1239569754256|  0-611-23680-X|               371|   207.67|\n",
       "|052928059|57.624.038/0001-52|   2003-08-03|5462162528221|  1-109-29542-1|               198|   107.89|\n",
       "|088482271|16.249.378/0001-63|   2022-09-07|5713629047213|  1-229-68842-0|               632|   143.95|\n",
       "|028125446|90.425.178/0001-77|   2011-07-25|2226757040245|  0-657-66391-3|               384|   156.49|\n",
       "+---------+------------------+-------------+-------------+---------------+------------------+---------+"
      ]
     },
     "execution_count": 19,
     "metadata": {},
     "output_type": "execute_result"
    }
   ],
   "source": [
    "# Tentando fazer a união dos dois\n",
    "livros_inversos.union(livros)"
   ]
  },
  {
   "cell_type": "code",
   "execution_count": 22,
   "id": "81ab3dde-5ffc-4882-b6a7-22f330dd965e",
   "metadata": {},
   "outputs": [
    {
     "data": {
      "text/html": [
       "<table border='1'>\n",
       "<tr><th>preco</th><th>numero_paginas</th><th>isbn10</th><th>ean</th><th>data_lancamento</th><th>cnpj_editora</th><th>id</th></tr>\n",
       "<tr><td>113.84</td><td>516</td><td>0-06-594558-1</td><td>4367115749184</td><td>2011-09-19</td><td>54.317.982/0001-79</td><td>102961160</td></tr>\n",
       "<tr><td>207.67</td><td>371</td><td>0-611-23680-X</td><td>1239569754256</td><td>2019-05-11</td><td>16.938.042/0001-08</td><td>043636240</td></tr>\n",
       "<tr><td>107.89</td><td>198</td><td>1-109-29542-1</td><td>5462162528221</td><td>2003-08-03</td><td>57.624.038/0001-52</td><td>052928059</td></tr>\n",
       "<tr><td>143.95</td><td>632</td><td>1-229-68842-0</td><td>5713629047213</td><td>2022-09-07</td><td>16.249.378/0001-63</td><td>088482271</td></tr>\n",
       "<tr><td>156.49</td><td>384</td><td>0-657-66391-3</td><td>2226757040245</td><td>2011-07-25</td><td>90.425.178/0001-77</td><td>028125446</td></tr>\n",
       "<tr><td>113.84</td><td>516</td><td>0-06-594558-1</td><td>4367115749184</td><td>2011-09-19</td><td>54.317.982/0001-79</td><td>102961160</td></tr>\n",
       "<tr><td>207.67</td><td>371</td><td>0-611-23680-X</td><td>1239569754256</td><td>2019-05-11</td><td>16.938.042/0001-08</td><td>043636240</td></tr>\n",
       "<tr><td>107.89</td><td>198</td><td>1-109-29542-1</td><td>5462162528221</td><td>2003-08-03</td><td>57.624.038/0001-52</td><td>052928059</td></tr>\n",
       "<tr><td>143.95</td><td>632</td><td>1-229-68842-0</td><td>5713629047213</td><td>2022-09-07</td><td>16.249.378/0001-63</td><td>088482271</td></tr>\n",
       "<tr><td>156.49</td><td>384</td><td>0-657-66391-3</td><td>2226757040245</td><td>2011-07-25</td><td>90.425.178/0001-77</td><td>028125446</td></tr>\n",
       "</table>\n"
      ],
      "text/plain": [
       "+------+--------------+-------------+-------------+---------------+------------------+---------+\n",
       "| preco|numero_paginas|       isbn10|          ean|data_lancamento|      cnpj_editora|       id|\n",
       "+------+--------------+-------------+-------------+---------------+------------------+---------+\n",
       "|113.84|           516|0-06-594558-1|4367115749184|     2011-09-19|54.317.982/0001-79|102961160|\n",
       "|207.67|           371|0-611-23680-X|1239569754256|     2019-05-11|16.938.042/0001-08|043636240|\n",
       "|107.89|           198|1-109-29542-1|5462162528221|     2003-08-03|57.624.038/0001-52|052928059|\n",
       "|143.95|           632|1-229-68842-0|5713629047213|     2022-09-07|16.249.378/0001-63|088482271|\n",
       "|156.49|           384|0-657-66391-3|2226757040245|     2011-07-25|90.425.178/0001-77|028125446|\n",
       "|113.84|           516|0-06-594558-1|4367115749184|     2011-09-19|54.317.982/0001-79|102961160|\n",
       "|207.67|           371|0-611-23680-X|1239569754256|     2019-05-11|16.938.042/0001-08|043636240|\n",
       "|107.89|           198|1-109-29542-1|5462162528221|     2003-08-03|57.624.038/0001-52|052928059|\n",
       "|143.95|           632|1-229-68842-0|5713629047213|     2022-09-07|16.249.378/0001-63|088482271|\n",
       "|156.49|           384|0-657-66391-3|2226757040245|     2011-07-25|90.425.178/0001-77|028125446|\n",
       "+------+--------------+-------------+-------------+---------------+------------------+---------+"
      ]
     },
     "execution_count": 22,
     "metadata": {},
     "output_type": "execute_result"
    }
   ],
   "source": [
    "# Para não haver erros no nome das colunas pode se usar o unionByName \n",
    "livros_inversos.unionByName(livros)"
   ]
  },
  {
   "cell_type": "markdown",
   "id": "1b1729ab-c795-4330-b52a-02351ecb750c",
   "metadata": {},
   "source": [
    "* Se for caso, pode se fazer um união com valores nulos com o parâmetro: \n",
    "> allowMissingColumns=True"
   ]
  },
  {
   "cell_type": "code",
   "execution_count": 24,
   "id": "045bd70f-880d-4453-a22f-107744f44d19",
   "metadata": {},
   "outputs": [
    {
     "data": {
      "text/html": [
       "<table border='1'>\n",
       "<tr><th>id</th><th>cnpj_editora</th><th>data_lancamento</th><th>ean</th><th>isbn10</th><th>numero_paginas</th><th>preco</th></tr>\n",
       "<tr><td>102961160</td><td>54.317.982/0001-79</td><td>2011-09-19</td><td>4367115749184</td><td>0-06-594558-1</td><td>516</td><td>113.84</td></tr>\n",
       "<tr><td>043636240</td><td>16.938.042/0001-08</td><td>2019-05-11</td><td>1239569754256</td><td>0-611-23680-X</td><td>371</td><td>207.67</td></tr>\n",
       "<tr><td>052928059</td><td>57.624.038/0001-52</td><td>2003-08-03</td><td>5462162528221</td><td>1-109-29542-1</td><td>198</td><td>107.89</td></tr>\n",
       "<tr><td>088482271</td><td>16.249.378/0001-63</td><td>2022-09-07</td><td>5713629047213</td><td>1-229-68842-0</td><td>632</td><td>143.95</td></tr>\n",
       "<tr><td>028125446</td><td>90.425.178/0001-77</td><td>2011-07-25</td><td>2226757040245</td><td>0-657-66391-3</td><td>384</td><td>156.49</td></tr>\n",
       "</table>\n"
      ],
      "text/plain": [
       "+---------+------------------+---------------+-------------+-------------+--------------+------+\n",
       "|       id|      cnpj_editora|data_lancamento|          ean|       isbn10|numero_paginas| preco|\n",
       "+---------+------------------+---------------+-------------+-------------+--------------+------+\n",
       "|102961160|54.317.982/0001-79|     2011-09-19|4367115749184|0-06-594558-1|           516|113.84|\n",
       "|043636240|16.938.042/0001-08|     2019-05-11|1239569754256|0-611-23680-X|           371|207.67|\n",
       "|052928059|57.624.038/0001-52|     2003-08-03|5462162528221|1-109-29542-1|           198|107.89|\n",
       "|088482271|16.249.378/0001-63|     2022-09-07|5713629047213|1-229-68842-0|           632|143.95|\n",
       "|028125446|90.425.178/0001-77|     2011-07-25|2226757040245|0-657-66391-3|           384|156.49|\n",
       "+---------+------------------+---------------+-------------+-------------+--------------+------+"
      ]
     },
     "execution_count": 24,
     "metadata": {},
     "output_type": "execute_result"
    }
   ],
   "source": [
    "# Removendo duplicatas completas, ou seja, linhas iguas \n",
    "uni.drop_duplicates() # ou também com dropDuplicates()"
   ]
  },
  {
   "cell_type": "code",
   "execution_count": 29,
   "id": "6b9d9a17-cc64-4f89-b49e-06ab22014b88",
   "metadata": {},
   "outputs": [
    {
     "data": {
      "text/html": [
       "<table border='1'>\n",
       "<tr><th>id</th><th>cnpj_editora</th><th>data_lancamento</th><th>ean</th><th>isbn10</th><th>numero_paginas</th><th>preco</th></tr>\n",
       "<tr><td>052928059</td><td>57.624.038/0001-52</td><td>2003-08-03</td><td>5462162528221</td><td>1-109-29542-1</td><td>198</td><td>107.89</td></tr>\n",
       "<tr><td>043636240</td><td>16.938.042/0001-08</td><td>2019-05-11</td><td>1239569754256</td><td>0-611-23680-X</td><td>371</td><td>207.67</td></tr>\n",
       "<tr><td>028125446</td><td>90.425.178/0001-77</td><td>2011-07-25</td><td>2226757040245</td><td>0-657-66391-3</td><td>384</td><td>156.49</td></tr>\n",
       "<tr><td>102961160</td><td>54.317.982/0001-79</td><td>2011-09-19</td><td>4367115749184</td><td>0-06-594558-1</td><td>516</td><td>113.84</td></tr>\n",
       "<tr><td>088482271</td><td>16.249.378/0001-63</td><td>2022-09-07</td><td>5713629047213</td><td>1-229-68842-0</td><td>632</td><td>143.95</td></tr>\n",
       "</table>\n"
      ],
      "text/plain": [
       "+---------+------------------+---------------+-------------+-------------+--------------+------+\n",
       "|       id|      cnpj_editora|data_lancamento|          ean|       isbn10|numero_paginas| preco|\n",
       "+---------+------------------+---------------+-------------+-------------+--------------+------+\n",
       "|052928059|57.624.038/0001-52|     2003-08-03|5462162528221|1-109-29542-1|           198|107.89|\n",
       "|043636240|16.938.042/0001-08|     2019-05-11|1239569754256|0-611-23680-X|           371|207.67|\n",
       "|028125446|90.425.178/0001-77|     2011-07-25|2226757040245|0-657-66391-3|           384|156.49|\n",
       "|102961160|54.317.982/0001-79|     2011-09-19|4367115749184|0-06-594558-1|           516|113.84|\n",
       "|088482271|16.249.378/0001-63|     2022-09-07|5713629047213|1-229-68842-0|           632|143.95|\n",
       "+---------+------------------+---------------+-------------+-------------+--------------+------+"
      ]
     },
     "execution_count": 29,
     "metadata": {},
     "output_type": "execute_result"
    }
   ],
   "source": [
    "# Removendo duplicatas de uma coluna específica \n",
    "livros.dropDuplicates(['numero_paginas']) # nesse caso é o mesmo"
   ]
  }
 ],
 "metadata": {
  "kernelspec": {
   "display_name": "Python 3 (ipykernel)",
   "language": "python",
   "name": "python3"
  },
  "language_info": {
   "codemirror_mode": {
    "name": "ipython",
    "version": 3
   },
   "file_extension": ".py",
   "mimetype": "text/x-python",
   "name": "python",
   "nbconvert_exporter": "python",
   "pygments_lexer": "ipython3",
   "version": "3.11.5"
  }
 },
 "nbformat": 4,
 "nbformat_minor": 5
}
